# Z (Å)    Density (g/cm^3)    (Frames 1000 to 3021)
0.090483 0.000000
0.271448 0.000000
0.452413 0.000000
0.633379 0.000000
0.814344 0.000000
0.995309 0.000000
1.176275 0.000000
1.357240 0.000000
1.538205 0.000000
1.719171 0.000000
1.900136 0.000000
2.081101 0.000000
2.262067 0.000000
2.443032 0.000000
2.623997 0.000000
2.804963 0.000000
2.985928 0.000000
3.166893 0.000000
3.347859 0.000000
3.528824 0.000000
3.709789 0.000000
3.890755 0.000000
4.071720 0.000000
4.252685 0.000000
4.433651 0.000000
4.614616 0.000000
4.795581 0.000000
4.976547 0.000000
5.157512 0.000000
5.338477 0.000000
5.519443 0.000000
5.700408 0.000000
5.881373 0.000000
6.062339 0.000000
6.243304 0.000000
6.424269 0.000000
6.605235 0.000000
6.786200 0.000000
6.967165 0.000000
7.148131 0.000000
7.329096 0.000000
7.510061 0.000000
7.691027 0.000000
7.871992 0.000000
8.052957 0.000000
8.233923 0.000000
8.414888 0.000000
8.595853 0.000000
8.776819 0.000000
8.957784 0.006004
9.138749 0.319325
9.319715 1.639748
9.500680 1.286580
9.681645 0.474348
9.862611 1.159942
10.043576 3.116286
10.224541 3.415960
10.405507 1.873920
10.586472 1.216711
10.767437 0.992910
10.948403 0.579698
11.129368 0.515833
11.310333 0.453060
11.491299 0.254368
11.672264 0.216704
11.853229 0.358627
12.034195 0.465068
12.215160 0.746184
12.396125 0.872276
12.577091 1.294222
12.758056 1.771299
12.939021 1.859728
13.119987 1.673045
13.300952 1.265838
13.481917 0.908303
13.662883 0.620091
13.843848 0.591161
14.024813 0.767472
14.205779 0.905027
14.386744 0.995639
14.567709 0.888652
14.748675 0.837887
14.929640 0.774568
15.110605 1.014198
15.291571 1.171951
15.472536 1.094439
15.653501 1.011469
15.834467 0.916490
16.015432 0.745638
16.196397 1.052954
16.377363 1.063871
16.558328 0.992364
16.739293 0.848804
16.920259 0.746184
17.101224 0.750551
17.282189 0.568235
17.463155 0.604261
17.644120 0.731446
17.825085 0.807319
18.006051 0.869001
18.187016 0.846621
18.367981 0.817691
18.548947 0.918128
18.729912 1.023478
18.910877 1.318786
19.091843 1.294768
19.272808 1.203064
19.453773 1.192147
19.634739 0.936141
19.815704 0.673585
19.996669 0.587886
20.177635 0.528933
20.358600 0.459064
20.539565 0.651205
20.720531 0.884831
20.901496 0.875551
21.082461 0.949242
21.263427 0.973805
21.444392 1.265292
21.625357 1.287672
21.806323 1.240728
21.987288 1.058413
22.168253 1.100444
22.349219 1.068238
22.530184 1.036033
22.711149 0.812778
22.892115 0.723804
23.073080 0.588432
23.254045 0.664305
23.435011 0.627733
23.615976 0.764197
23.796941 0.787669
23.977907 0.756555
24.158872 0.802407
24.339837 0.916490
24.520803 0.925770
24.701768 0.976534
24.882733 1.282759
25.063699 1.307323
25.244664 1.225990
25.425629 1.100989
25.606595 0.913761
25.787560 0.798586
25.968525 0.708520
26.149491 0.669764
26.330456 0.739088
26.511421 0.810049
26.692387 0.824787
26.873352 0.754372
27.054317 0.827516
27.235283 0.833520
27.416248 0.745092
27.597213 0.780027
27.778179 0.581881
27.959144 0.352622
28.140109 0.407754
28.321075 0.296399
28.502040 0.202512
28.683005 0.197599
28.863971 0.177403
29.044936 0.151748
29.225901 0.020197
29.406867 0.007642
29.587832 0.012009
29.768797 0.008188
29.949763 0.006550
30.130728 0.000000
30.311693 0.000000
30.492659 0.000000
30.673624 0.000000
30.854589 0.000000
31.035555 0.000000
31.216520 0.000000
31.397485 0.000000
31.578451 0.000000
31.759416 0.000000
31.940381 0.000000
32.121347 0.000000
32.302312 0.000000
32.483277 0.000000
32.664243 0.000000
32.845208 0.000000
33.026173 0.000000
33.207139 0.000000
33.388104 0.000000
33.569069 0.000000
33.750035 0.000000
33.931000 0.000000
34.111965 0.000000
34.292931 0.000000
34.473896 0.000000
34.654861 0.000000
34.835827 0.000000
35.016792 0.000000
35.197757 0.000000
35.378723 0.000000
35.559688 0.000000
35.740653 0.000000
35.921619 0.000000
36.102584 0.000000
36.283549 0.000000
36.464515 0.000000
36.645480 0.000000
36.826445 0.000000
37.007411 0.000000
37.188376 0.000000
37.369341 0.000000
37.550307 0.000000
37.731272 0.000000
37.912237 0.000000
38.093203 0.000000
38.274168 0.000000
38.455133 0.000000
38.636099 0.000000
38.817064 0.000000
38.998029 0.000000
39.178995 0.000000
39.359960 0.000000
39.540925 0.000000
39.721891 0.000000
39.902856 0.000000
40.083821 0.000000
40.264787 0.000000
40.445752 0.000000
40.626717 0.000000
40.807683 0.000000
40.988648 0.000000
41.169613 0.000000
41.350579 0.000000
41.531544 0.000000
41.712509 0.000000
41.893475 0.000000
42.074440 0.000000
42.255405 0.000000
42.436371 0.000000
42.617336 0.000000
42.798301 0.000000
42.979267 0.000000
43.160232 0.000000
43.341197 0.000000
43.522163 0.000000
43.703128 0.000000
43.884093 0.000000
44.065059 0.000000
44.246024 0.000000
44.426989 0.000000
44.607955 0.000000
44.788920 0.000000
44.969885 0.000000
45.150851 0.000000
45.331816 0.000000
45.512781 0.000000
45.693747 0.000000
45.874712 0.000000
46.055677 0.000000
46.236643 0.000000
46.417608 0.000000
46.598573 0.000000
46.779539 0.000000
46.960504 0.000000
47.141469 0.000000
47.322435 0.000000
47.503400 0.000000
47.684365 0.000000
47.865331 0.000000
48.046296 0.000000
48.227261 0.000000
48.408227 0.000000
48.589192 0.000000
48.770157 0.000000
48.951123 0.000000
49.132088 0.000000
49.313053 0.000000
49.494019 0.000000
49.674984 0.000000
49.855949 0.000000
50.036915 0.000000
50.217880 0.000000
50.398845 0.000000
50.579811 0.000000
50.760776 0.000000
50.941741 0.000000
51.122707 0.000000
51.303672 0.000000
51.484637 0.000000
51.665603 0.000000
51.846568 0.000000
52.027533 0.000000
52.208499 0.000000
52.389464 0.000000
52.570429 0.000000
52.751395 0.000000
52.932360 0.000000
53.113325 0.000000
53.294291 0.000000
53.475256 0.000000
53.656221 0.000000
53.837187 0.000000
54.018152 0.000000
54.199117 0.000000
